ES2010 = [0,0,1;0,0.00884955752212389,1;0,0.0176991150442478,1;0,0.0265486725663717,1;0,0.0353982300884956,1;0,0.0442477876106195,1;0,0.0530973451327434,1;0,0.0619469026548673,1;0,0.0707964601769912,1;0,0.0796460176991150,1;0,0.0884955752212389,1;0,0.0973451327433628,1;0,0.106194690265487,1;0,0.115044247787611,1;0,0.123893805309735,1;0,0.132743362831858,1;0,0.141592920353982,1;0,0.150442477876106,1;0,0.159292035398230,1;0,0.168141592920354,1;0,0.176991150442478,1;0,0.185840707964602,1;0,0.194690265486726,1;0,0.203539823008850,1;0,0.212389380530973,1;0,0.221238938053097,1;0,0.230088495575221,1;0,0.238938053097345,1;0,0.247787610619469,1;0,0.256637168141593,1;0,0.265486725663717,1;0,0.274336283185841,1;0,0.283185840707965,1;0,0.292035398230089,1;0,0.300884955752212,1;0,0.309734513274336,1;0,0.318584070796460,1;0,0.327433628318584,1;0,0.336283185840708,1;0,0.345132743362832,1;0,0.353982300884956,1;0,0.362831858407080,1;0,0.371681415929204,1;0,0.380530973451327,1;0,0.389380530973451,1;0,0.398230088495575,1;0,0.407079646017699,1;0,0.415929203539823,1;0,0.424778761061947,1;0,0.433628318584071,1;0,0.442477876106195,1;0,0.451327433628319,1;0,0.460176991150442,1;0,0.469026548672566,1;0,0.477876106194690,1;0,0.486725663716814,1;0,0.495575221238938,1;0,0.504424778761062,1;0,0.513274336283186,1;0,0.522123893805310,1;0,0.530973451327434,1;0,0.539823008849558,1;0,0.548672566371681,1;0,0.557522123893805,1;0,0.566371681415929,1;0,0.575221238938053,1;0,0.584070796460177,1;0,0.592920353982301,1;0,0.601769911504425,1;0,0.610619469026549,1;0,0.619469026548673,1;0,0.628318584070796,1;0,0.637168141592920,1;0,0.646017699115044,1;0,0.654867256637168,1;0,0.663716814159292,1;0,0.672566371681416,1;0,0.681415929203540,1;0,0.690265486725664,1;0,0.699115044247788,1;0,0.707964601769912,1;0,0.716814159292035,1;0,0.725663716814159,1;0,0.734513274336283,1;0,0.743362831858407,1;0,0.752212389380531,1;0,0.761061946902655,1;0,0.769911504424779,1;0,0.778761061946903,1;0,0.787610619469027,1;0,0.796460176991151,1;0,0.805309734513274,1;0,0.814159292035398,1;0,0.823008849557522,1;0,0.831858407079646,1;0,0.840707964601770,1;0,0.849557522123894,1;0,0.858407079646018,1;0,0.867256637168142,1;0,0.876106194690266,1;0,0.884955752212389,1;0,0.893805309734513,1;0,0.902654867256637,1;0,0.911504424778761,1;0,0.920353982300885,1;0,0.929203539823009,1;0,0.938053097345133,1;0,0.946902654867257,1;0,0.955752212389381,1;0,0.964601769911504,1;0,0.973451327433628,1;0,0.982300884955752,1;0,0.991150442477876,1;0,1,1;0,1,0;0,0.992857142857143,0;0,0.985714285714286,0;0,0.978571428571429,0;0,0.971428571428571,0;0,0.964285714285714,0;0,0.957142857142857,0;0,0.950000000000000,0;0,0.942857142857143,0;0,0.935714285714286,0;0,0.928571428571429,0;0,0.921428571428572,0;0,0.914285714285714,0;0,0.907142857142857,0;0,0.900000000000000,0;0,0.892857142857143,0;0,0.885714285714286,0;0,0.878571428571429,0;0,0.871428571428571,0;0,0.864285714285714,0;0,0.857142857142857,0;0,0.850000000000000,0;0,0.842857142857143,0;0,0.835714285714286,0;0,0.828571428571429,0;0,0.821428571428571,0;0,0.814285714285714,0;0,0.807142857142857,0;0,0.800000000000000,0;0,0.792857142857143,0;0,0.785714285714286,0;0,0.778571428571429,0;0,0.771428571428572,0;0,0.764285714285714,0;0,0.757142857142857,0;0,0.750000000000000,0;0,0.742857142857143,0;0,0.735714285714286,0;0,0.728571428571429,0;0,0.721428571428571,0;0,0.714285714285714,0;0,0.707142857142857,0;0,0.700000000000000,0;0,0.692857142857143,0;0,0.685714285714286,0;0,0.678571428571429,0;0,0.671428571428572,0;0,0.664285714285714,0;0,0.657142857142857,0;0,0.650000000000000,0;0,0.642857142857143,0;0,0.635714285714286,0;0,0.628571428571429,0;0,0.621428571428571,0;0,0.614285714285714,0;0,0.607142857142857,0;0,0.600000000000000,0;0,0.592857142857143,0;0,0.585714285714286,0;0,0.578571428571429,0;0,0.571428571428571,0;0,0.564285714285714,0;0,0.557142857142857,0;0,0.550000000000000,0;0,0.542857142857143,0;0,0.535714285714286,0;0,0.528571428571429,0;0,0.521428571428571,0;0,0.514285714285714,0;0,0.507142857142857,0;0,0.500000000000000,0;0.0140845070422535,0.500000000000000,0;0.0281690140845070,0.500000000000000,0;0.0422535211267606,0.500000000000000,0;0.0563380281690141,0.500000000000000,0;0.0704225352112676,0.500000000000000,0;0.0845070422535211,0.500000000000000,0;0.0985915492957746,0.500000000000000,0;0.112676056338028,0.500000000000000,0;0.126760563380282,0.500000000000000,0;0.140845070422535,0.500000000000000,0;0.154929577464789,0.500000000000000,0;0.169014084507042,0.500000000000000,0;0.183098591549296,0.500000000000000,0;0.197183098591549,0.500000000000000,0;0.211267605633803,0.500000000000000,0;0.225352112676056,0.500000000000000,0;0.239436619718310,0.500000000000000,0;0.253521126760563,0.500000000000000,0;0.267605633802817,0.500000000000000,0;0.281690140845070,0.500000000000000,0;0.295774647887324,0.500000000000000,0;0.309859154929577,0.500000000000000,0;0.323943661971831,0.500000000000000,0;0.338028169014085,0.500000000000000,0;0.352112676056338,0.500000000000000,0;0.366197183098592,0.500000000000000,0;0.380281690140845,0.500000000000000,0;0.394366197183099,0.500000000000000,0;0.408450704225352,0.500000000000000,0;0.422535211267606,0.500000000000000,0;0.436619718309859,0.500000000000000,0;0.450704225352113,0.500000000000000,0;0.464788732394366,0.500000000000000,0;0.478873239436620,0.500000000000000,0;0.492957746478873,0.500000000000000,0;0.507042253521127,0.500000000000000,0;0.521126760563380,0.500000000000000,0;0.535211267605634,0.500000000000000,0;0.549295774647887,0.500000000000000,0;0.563380281690141,0.500000000000000,0;0.577464788732394,0.500000000000000,0;0.591549295774648,0.500000000000000,0;0.605633802816901,0.500000000000000,0;0.619718309859155,0.500000000000000,0;0.633802816901409,0.500000000000000,0;0.647887323943662,0.500000000000000,0;0.661971830985916,0.500000000000000,0;0.676056338028169,0.500000000000000,0;0.690140845070423,0.500000000000000,0;0.704225352112676,0.500000000000000,0;0.718309859154930,0.500000000000000,0;0.732394366197183,0.500000000000000,0;0.746478873239437,0.500000000000000,0;0.760563380281690,0.500000000000000,0;0.774647887323944,0.500000000000000,0;0.788732394366197,0.500000000000000,0;0.802816901408451,0.500000000000000,0;0.816901408450704,0.500000000000000,0;0.830985915492958,0.500000000000000,0;0.845070422535211,0.500000000000000,0;0.859154929577465,0.500000000000000,0;0.873239436619718,0.500000000000000,0;0.887323943661972,0.500000000000000,0;0.901408450704225,0.500000000000000,0;0.915492957746479,0.500000000000000,0;0.929577464788732,0.500000000000000,0;0.943661971830986,0.500000000000000,0;0.957746478873239,0.500000000000000,0;0.971830985915493,0.500000000000000,0;0.985915492957747,0.500000000000000,0;1,0.500000000000000,0];